12133
39938
54270
53689
15505
58336
34127
13786
64301
4649
13453
17811
28060
35564
15076
12780
40008
28275
26068
41015
10043
4
47504
44437
51564
24360
37931
14728
36938
36235
29131
6043
44114
34973
5177
4041
826
34148
5205
17572
40925
49990
22990
35934
57298
38834
49129
2099
51316
13588
25730
13145
17919
45964
3091
18711
40069
15753
27045
12197
62787
11849
26435
40239
30841
59464
10816
25535
42392
11815
6561
21136
50806
40447
45881
58701
12277
23909
16696
44676
6095
6120
15586
36876
50618
47912
18280
5374
51961
11853
32383
43741
18339
63412
41679
48481
32343
63179
4486
28658
34344
10693
13322
37820
40271
52022
28588
42837
54865
54071
12026
59366
51797
15968
44544
26970
61288
6949
19839
38416
50694
47147
22188
36015
30484
56376
64455
26294
47207
28317
43538
14869
64205
42463
18851
32273
28384
46562
8031
40450
22179
6024
44940
54633
13980
11639
13277
46769
45783
3384
8506
58094
30798
9449
30590
52050
21184
60669
31492
50927
8087
44762
19587
12154
26855
1317
4710
36767
9600
15684
65332
37879
1397
21305
5473
26310
19146
20005
45564
19609
64834
15380
28565
50930
11274
41996
6515
41140
22824
46513
8015
10277
24262
49713
11041
29269
30321
9073
16350
60931
13338
59413
45305
18030
33403
44539
37361
50174
4758
38096
10987
65152
25834
12283
62933
65042
5703
44687
34562
25216
32006
59742
7883
1774
52028
50907
65507
61437
53272
2770
49619
24260
25580
39098
57530
16831
26600
54181
42404
12294
49721
51646
1229
51573
43439
27727
17582
2498
1823
11151
43100
33563
24353
57402
9563
57729
8744
14217
34683
49196
1111
39328
42991
6332
1850
17015
22277
9952
44748
35458
52405
58461
50801
62088
23268
34801
35500
48676
24685
7895
48884
54785
15423
15272
32039
26236
4114
16338
35602
38231
18782
19780
62352
39311
8301
61044
4370
8095
63545
55780
18541
55976
59685
26038
22901
23689
56346
44688
28880
15315
48678
44135
26793
25443
15804
24333
54667
23595
42391
29883
24414
62143
11470
50576
21796
51139
5059
20872
37371
59589
12492
6528
27808
17987
59807
53657
7408
51285
46734
37338
28279
30091
7640
64430
47324
60268
63233
54769
32858
42481
52114
38936
14015
57225
23270
21895
53649
19933
56647
44810
6583
36084
20117
65422
7458
37615
11619
42241
14589
13863
4122
46341
5127
22246
49564
26860
12832
4290
16675
17343
48411
61163
47383
14830
47286
13759
60835
43787
12683
11278
41181
42210
32251
60120
18202
60043
24055
41987
9522
31746
32801
54101
35807
41393
39303
14708
33229
46409
3641
27306
28905
21671
62882
48001
42511
20103
45832
18335
60398
16813
8723
5167
48546
36915
34343
2809
27351
20510
41662
58855
45366
19050
6209
35008
23760
51377
56634
43094
15923
61882
19539
44982
28821
13478
13808
19762
30623
54173
62779
61068
4775
63472
3476
13770
56723
62649
64513
23268
34182
63637
61709
51815
48109
36193
10400
43593
25915
60360
46904
21704
11306
33502
25660
8575
34480
44926
39178
55142
59800
44657
28942
64254
60075
28042
35324
31541
8760
15662
41329
26983
60271
9068
14287
54783
37394
62991
3289
18239
58194
36974
8716
48057
33233
48610
7843
47442
18896
31170
10963
34118
46299
17143
8180
34170
44003
43684
56278
47002
61006
21676
35639
41915
62380
5320
23447
48693
30602
3386
36055
39893
10935
64400
47176
64601
65071
40548
4683
38367
16743
8912
48871
53384
13000
17394
11663
41086
27981
36897
3684
17940
52338
39182
24745
37815
24438
35843
30719
6372
63815
20457
39376
9106
60163
13908
1829
24494
52832
5459
17993
10741
45960
12247
15476
43329
64932
15383
59176
60278
8706
37081
8378
39352
62154
42576
107
7944
11887
41764
54785
7315
31805
17673
4157
52419
33621
39896
13847
4386
20414
28883
31040
44072
8118
57307
57110
61117
3588
20528
61480
34475
58181
13282
51157
16044
58286
31477
2602
18268
24556
38759
5968
61893
35136
3083
65241
52460
58071
28665
33644
34843
12044
23839
36244
18316
59048
6320
60590
47435
54587
47678
15256
59452
1931
57294
17850
52279
43862
30056
52564
60310
8508
64191
5810
5449
22006
58503
62102
38463
30281
65295
5604
8838
25757
65128
39595
36196
40730
64773
24639
62736
54462
32155
19091
4614
34436
28397
54666
18387
14973
43611
7379
2564
59639
52818
64861
19343
2753
12001
51096
28167
41615
50867
41803
28784
36228
41915
8996
42961
38803
43871
2501
52699
12945
54299
12230
43167
10791
3217
11425
31042
24084
5165
34762
907
65348
1541
3403
42235
17826
26086
32562
9245
19508
10112
27666
45201
8630
37600
61458
52617
1324
42524
41746
27640
51890
54318
55269
27459
3258
56143
37038
44953
54243
6984
30538
24541
62245
62708
41115
4914
23084
37235
39645
27484
60412
8148
3051
64995
1852
27967
4404
30343
24418
25721
22950
33276
15744
53253
5933
36039
58333
58432
716
30556
64571
63368
45326
37544
31937
8954
56805
3954
52839
45587
31793
21265
45160
36757
40803
44596
598
44477
33328
53691
26840
35985
19848
11166
31527
60846
64467
28044
39061
53061
65439
49541
43160
27287
48952
16845
19628
2866
41368
53725
38078
42403
18916
24941
11329
34030
48761
25013
33450
49059
62671
64448
25894
22110
34086
40325
19468
30782
58761
13935
44116
58437
21610
64416
34643
21332
48388
35980
18484
17271
7250
39379
33511
1268
55742
52983
4644
4631
52283
17293
19820
11903
16436
30345
64418
38845
54821
9756
22065
27115
57838
54461
60164
54647
35115
39127
44102
39476
2187
54202
45736
36073
42555
34622
34254
31340
8088
25342
32011
11281
7009
64364
33927
28419
62745
25113
18217
63856
17221
65377
8101
44851
52752
55078
59921
53914
24504
35844
46713
63137
22902
33521
50085
19819
18270
34023
4735
4521
41298
28940
17880
4716
26593
53278
35531
49388
38660
63023
37608
54559
20276
29114
36332
41725
48355
43945
54387
25918
59347
12998
4811
3423
48314
23235
10845
61994
29957
50118
21519
36
28624
30551
58843
49161
9617
31513
17681
43486
64136
48380
17449
15450
50285
51144
25192
17338
8889
48783
953
38405
43080
12690
56220
26605
62802
48109
64996
47900
33807
18262
38536
26318
9459
56883
26211
58585
9147
11540
14442
35146
18554
3796
28955
43164
29196
37683
13251
41353
17855
64085
58896
56033
23814
49347
54648
50409
